positives\images\Egg-1-_jpg.rf.b9c6a579bdd654a93c19cb6e075dbd00.txt 0 0.286728515625 0.5126642156862745 0.123154296875 0.08905147058823529
positives\images\Egg-1-_jpg.rf.b9c6a579bdd654a93c19cb6e075dbd00.txt 0 0.24685221354166667 0.3396642156862745 0.126953125 0.08047303921568627
positives\images\Egg-1-_jpg.rf.b9c6a579bdd654a93c19cb6e075dbd00.txt 0 0.47010742187500004 0.298203431372549 0.1025390625 0.08823529411764706
positives\images\Egg-1-_jpg.rf.b9c6a579bdd654a93c19cb6e075dbd00.txt 0 0.7063802083333334 0.37418382352941176 0.13454752604166667 0.06862745098039216
positives\images\Egg-1-_jpg.rf.b9c6a579bdd654a93c19cb6e075dbd00.txt 0 0.745712890625 0.6049828431372549 0.1025390625 0.11029411764705882
positives\images\Egg-10-_jpg.rf.47023a3844c8f45b6656d250fe0324bc.txt 0 0.24685221354166667 0.4566985294117647 0.17035481770833336 0.09150245098039216
positives\images\Egg-10-_jpg.rf.47023a3844c8f45b6656d250fe0324bc.txt 0 0.316298828125 0.38357843137254904 0.14431315104166667 0.09395343137254901
positives\images\Egg-10-_jpg.rf.47023a3844c8f45b6656d250fe0324bc.txt 0 0.42534830729166667 0.531046568627451 0.14756835937499999 0.1094779411764706
positives\images\Egg-10-_jpg.rf.47023a3844c8f45b6656d250fe0324bc.txt 0 0.49750325520833333 0.3905220588235294 0.15516601562500001 0.10294117647058823
positives\images\Egg-10-_jpg.rf.47023a3844c8f45b6656d250fe0324bc.txt 0 0.806748046875 0.4138063725490196 0.12912434895833333 0.12826715686274512
positives\images\Egg-11-_jpg.rf.c3807c2724a80feecc569ed46d2cf0f7.txt 0 0.28265950520833333 0.389296568627451 0.244140625 0.13153676470588235
positives\images\Egg-11-_jpg.rf.c3807c2724a80feecc569ed46d2cf0f7.txt 0 0.5447037760416666 0.31944362745098037 0.21267252604166667 0.12908578431372547
positives\images\Egg-11-_jpg.rf.c3807c2724a80feecc569ed46d2cf0f7.txt 0 0.6949869791666666 0.4407671568627451 0.194228515625 0.17728676470588237
positives\images\Egg-11-_jpg.rf.c3807c2724a80feecc569ed46d2cf0f7.txt 0 0.400390625 0.5706691176470589 0.19097330729166664 0.1805563725490196
positives\images\Egg-11-_jpg.rf.c3807c2724a80feecc569ed46d2cf0f7.txt 0 0.679794921875 0.6879093137254902 0.224609375 0.14542401960784315
positives\images\Egg-12-_jpg.rf.dd41d31ace0e57c1d1fe28878574b3f1.txt 0 0.20290690104166667 0.33088235294117646 0.15191080729166667 0.08333333333333333
positives\images\Egg-12-_jpg.rf.dd41d31ace0e57c1d1fe28878574b3f1.txt 0 0.755751953125 0.4824338235294117 0.17035481770833336 0.09395343137254901
positives\images\Egg-12-_jpg.rf.dd41d31ace0e57c1d1fe28878574b3f1.txt 0 0.8572037760416666 0.6192818627450981 0.13237955729166667 0.12908578431372547
positives\images\Egg-12-_jpg.rf.dd41d31ace0e57c1d1fe28878574b3f1.txt 0 0.7036686197916667 0.7777769607843137 0.13563476562500001 0.1486936274509804
positives\images\Egg-12-_jpg.rf.dd41d31ace0e57c1d1fe28878574b3f1.txt 0 0.34125325520833333 0.1303112745098039 0.13346354166666666 0.08905147058823529
positives\images\Egg-14-_jpg.rf.c492df65f5b63efb53a2096041d062cb.txt 0 0.3510970052083333 0.23704411764705882 0.11904622395833332 0.09663970588235295
positives\images\Egg-14-_jpg.rf.c492df65f5b63efb53a2096041d062cb.txt 0 0.49618815104166664 0.2976200980392157 0.11253580729166666 0.10784313725490197
positives\images\Egg-14-_jpg.rf.c492df65f5b63efb53a2096041d062cb.txt 0 0.5838444010416667 0.5304632352941177 0.12230143229166666 0.12114950980392157
positives\images\Egg-14-_jpg.rf.c492df65f5b63efb53a2096041d062cb.txt 0 0.7077766927083333 0.5231102941176471 0.11904622395833332 0.130953431372549
positives\images\Egg-14-_jpg.rf.c492df65f5b63efb53a2096041d062cb.txt 0 0.60779296875 0.7272401960784314 0.14973958333333334 0.1323529411764706
positives\images\Egg-15-_jpg.rf.7ad0201fafa39a3a8d4054ee351fd036.txt 0 0.29652018229166666 0.6069509803921569 0.11600260416666668 0.06951960784313725
positives\images\Egg-15-_jpg.rf.7ad0201fafa39a3a8d4054ee351fd036.txt 0 0.6822623697916667 0.5688504901960784 0.08197265625 0.08110539215686276
positives\images\Egg-15-_jpg.rf.7ad0201fafa39a3a8d4054ee351fd036.txt 0 0.7467740885416667 0.5310833333333334 0.07664388020833333 0.07865441176470589
positives\images\Egg-15-_jpg.rf.7ad0201fafa39a3a8d4054ee351fd036.txt 0 0.6091666666666666 0.4081985294117647 0.08493164062500001 0.057041666666666664
positives\images\Egg-15-_jpg.rf.7ad0201fafa39a3a8d4054ee351fd036.txt 0 0.5671451822916667 0.3011372549019608 0.07782877604166667 0.05592647058823529
positives\images\Egg-16-_jpg.rf.af8298dec37f66e93c7e14c8f37576eb.txt 0 0.3280533854166667 0.6350759803921568 0.12514322916666668 0.07244117647058823
positives\images\Egg-16-_jpg.rf.af8298dec37f66e93c7e14c8f37576eb.txt 0 0.4320377604166667 0.5983112745098039 0.09006184895833334 0.09422549019607843
positives\images\Egg-16-_jpg.rf.af8298dec37f66e93c7e14c8f37576eb.txt 0 0.688837890625 0.6089313725490196 0.13056966145833335 0.07135049019607843
positives\images\Egg-16-_jpg.rf.af8298dec37f66e93c7e14c8f37576eb.txt 0 0.39840169270833337 0.46568627450980393 0.12912434895833333 0.06862745098039216
positives\images\Egg-16-_jpg.rf.af8298dec37f66e93c7e14c8f37576eb.txt 0 0.566767578125 0.41244607843137254 0.0962109375 0.09068627450980392
positives\images\Egg-17-_jpg.rf.f287b77255f207fa1c1de1cc609bec26.txt 0 0.237333984375 0.4020710784313726 0.09114583333333333 0.051470588235294115
positives\images\Egg-17-_jpg.rf.f287b77255f207fa1c1de1cc609bec26.txt 0 0.610205078125 0.40452205882352943 0.08877929687500001 0.05236274509803921
positives\images\Egg-17-_jpg.rf.f287b77255f207fa1c1de1cc609bec26.txt 0 0.618046875 0.331328431372549 0.09025716145833333 0.050801470588235295
positives\images\Egg-17-_jpg.rf.f287b77255f207fa1c1de1cc609bec26.txt 0 0.6029524739583333 0.6416004901960785 0.07250325520833333 0.06840441176470588
positives\images\Egg-17-_jpg.rf.f287b77255f207fa1c1de1cc609bec26.txt 0 0.559453125 0.6833774509803922 0.07427734375 0.06773529411764706
positives\images\Egg-2-_jpg.rf.ce70fd1fccc168867470ce6e52375002.txt 0 0.6551106770833334 0.49433333333333335 0.1025390625 0.08792892156862746
positives\images\Egg-2-_jpg.rf.ce70fd1fccc168867470ce6e52375002.txt 0 0.7525651041666667 0.46706617647058823 0.09236653645833333 0.09528186274509803
positives\images\Egg-2-_jpg.rf.ce70fd1fccc168867470ce6e52375002.txt 0 0.16316731770833334 0.4491421568627451 0.13264973958333334 0.06862745098039216
positives\images\Egg-2-_jpg.rf.ce70fd1fccc168867470ce6e52375002.txt 0 0.4606119791666667 0.3428308823529412 0.10660807291666667 0.08272058823529412
positives\images\Egg-2-_jpg.rf.ce70fd1fccc168867470ce6e52375002.txt 0 0.49214843750000004 0.26608578431372554 0.10945638020833333 0.07506127450980392
positives\images\Egg-20-_jpg.rf.33d6045fca90a8cc725fae1cf4a470f0.txt 0 0.6548795572916667 0.5212720588235294 0.04952473958333333 0.04954411764705882
positives\images\Egg-20-_jpg.rf.33d6045fca90a8cc725fae1cf4a470f0.txt 0 0.4445670572916667 0.4775906862745098 0.048828125 0.04831862745098039
positives\images\Egg-20-_jpg.rf.33d6045fca90a8cc725fae1cf4a470f0.txt 0 0.5744270833333334 0.43995098039215685 0.05464192708333334 0.04411764705882353
positives\images\Egg-20-_jpg.rf.33d6045fca90a8cc725fae1cf4a470f0.txt 0 0.587333984375 0.3539044117647059 0.05766276041666666 0.043593137254901965
positives\images\Egg-20-_jpg.rf.33d6045fca90a8cc725fae1cf4a470f0.txt 0 0.3859733072916667 0.3481274509803921 0.045572916666666664 0.04779411764705882
positives\images\Egg-24-_jpg.rf.8077b4d27c8f5b53fc6b5e6ffa5dbd77.txt 0 0.5051009114583334 0.5649509803921569 0.4134114583333333 0.23120833333333335
positives\images\Egg-25-_jpg.rf.2a9cde49c3693b65bb7dced1c3ec779f.txt 0 0.5013020833333334 0.4881544117647059 0.390625 0.20833333333333334
positives\images\Egg-26-_jpg.rf.057ec6da06a648dae4fde061a3e131b5.txt 0 0.5029296875 0.44362745098039214 0.2962239583333333 0.16012990196078433
positives\images\Egg-27-_jpg.rf.e12332ba997d8c80bf89f4326fd6e48c.txt 0 0.46820638020833333 0.5567818627450981 0.37217773437499996 0.2034313725490196
positives\images\Egg-28-_jpg.rf.f418d0db35bd6b5e16aa9a280a511965.txt 0 0.49280273437500005 0.6119289215686274 0.08499674479166668 0.0893235294117647
positives\images\Egg-28-_jpg.rf.f418d0db35bd6b5e16aa9a280a511965.txt 0 0.5693001302083334 0.5898700980392158 0.106337890625 0.06862745098039216
positives\images\Egg-28-_jpg.rf.f418d0db35bd6b5e16aa9a280a511965.txt 0 0.3067122395833333 0.47821323529411763 0.107783203125 0.06318137254901961
positives\images\Egg-28-_jpg.rf.f418d0db35bd6b5e16aa9a280a511965.txt 0 0.33709635416666667 0.4166666666666667 0.10995442708333332 0.06590441176470588
positives\images\Egg-28-_jpg.rf.f418d0db35bd6b5e16aa9a280a511965.txt 0 0.595341796875 0.3503529411764706 0.107783203125 0.0629093137254902
positives\images\Egg-3-_jpg.rf.7079f34768a8a3902bcb7d7f0bde5b86.txt 0 0.12912434895833333 0.5888480392156863 0.108505859375 0.06576715686274509
positives\images\Egg-3-_jpg.rf.7079f34768a8a3902bcb7d7f0bde5b86.txt 0 0.5376529947916667 0.5381936274509804 0.10416666666666667 0.06740196078431372
positives\images\Egg-3-_jpg.rf.7079f34768a8a3902bcb7d7f0bde5b86.txt 0 0.6296126302083334 0.6817818627450981 0.11773111979166667 0.06862745098039216
positives\images\Egg-3-_jpg.rf.7079f34768a8a3902bcb7d7f0bde5b86.txt 0 0.36268554687500004 0.3678504901960784 0.08517903645833334 0.08129166666666666
positives\images\Egg-3-_jpg.rf.7079f34768a8a3902bcb7d7f0bde5b86.txt 0 0.641005859375 0.24673284313725488 0.0830078125 0.07761519607843137
positives\images\Egg-31-_jpg.rf.741fcf84f99819929fd611f358be3d24.txt 0 0.5007194010416667 0.5976887254901961 0.06998697916666667 0.07177941176470588
positives\images\Egg-31-_jpg.rf.741fcf84f99819929fd611f358be3d24.txt 0 0.548271484375 0.5025392156862746 0.08556640625 0.055848039215686276
positives\images\Egg-31-_jpg.rf.741fcf84f99819929fd611f358be3d24.txt 0 0.4604947916666667 0.3963578431372549 0.08533203125 0.05076960784313725
positives\images\Egg-31-_jpg.rf.741fcf84f99819929fd611f358be3d24.txt 0 0.4751432291666667 0.3315833333333333 0.06580078125 0.05812254901960784
positives\images\Egg-31-_jpg.rf.741fcf84f99819929fd611f358be3d24.txt 0 0.596748046875 0.3054093137254902 0.0830078125 0.05759803921568627
positives\images\Egg-32-_jpg.rf.1b0642e37b741a632dc49034f49643c3.txt 0 0.54919921875 0.4571960784313725 0.07393880208333332 0.07545588235294118
positives\images\Egg-32-_jpg.rf.1b0642e37b741a632dc49034f49643c3.txt 0 0.24354817708333332 0.4724828431372549 0.07871744791666667 0.07776225490196079
positives\images\Egg-32-_jpg.rf.1b0642e37b741a632dc49034f49643c3.txt 0 0.7734928385416667 0.49266666666666664 0.080126953125 0.07804656862745098
positives\images\Egg-32-_jpg.rf.1b0642e37b741a632dc49034f49643c3.txt 0 0.3879622395833333 0.33503186274509805 0.09768229166666666 0.0582843137254902
positives\images\Egg-32-_jpg.rf.1b0642e37b741a632dc49034f49643c3.txt 0 0.5587076822916667 0.3090612745098039 0.09320638020833333 0.05907598039215686
positives\images\Egg-4-_jpg.rf.f36eaed4e11f63fb99d1ae43af9759aa.txt 0 0.3622591145833333 0.5266102941176471 0.18880208333333334 0.11134558823529413
positives\images\Egg-4-_jpg.rf.f36eaed4e11f63fb99d1ae43af9759aa.txt 0 0.4422428385416666 0.4446789215686274 0.13020833333333334 0.11624754901960785
positives\images\Egg-4-_jpg.rf.f36eaed4e11f63fb99d1ae43af9759aa.txt 0 0.472236328125 0.3536421568627451 0.16415690104166666 0.09103676470588236
positives\images\Egg-4-_jpg.rf.f36eaed4e11f63fb99d1ae43af9759aa.txt 0 0.63732421875 0.32545588235294115 0.15950520833333334 0.09068627450980392
positives\images\Egg-4-_jpg.rf.f36eaed4e11f63fb99d1ae43af9759aa.txt 0 0.6594108072916667 0.3991593137254902 0.17763997395833334 0.09803921568627451
positives\images\Egg-5-_jpg.rf.6e249799e3258d61b3b2425ac1be8eb0.txt 0 0.14485677083333334 0.48202696078431373 0.17035481770833336 0.10620833333333334
positives\images\Egg-5-_jpg.rf.6e249799e3258d61b3b2425ac1be8eb0.txt 0 0.45138997395833336 0.5420759803921569 0.15191080729166667 0.11192892156862745
positives\images\Egg-5-_jpg.rf.6e249799e3258d61b3b2425ac1be8eb0.txt 0 0.7486979166666666 0.6254093137254902 0.13237955729166667 0.12826715686274512
positives\images\Egg-5-_jpg.rf.6e249799e3258d61b3b2425ac1be8eb0.txt 0 0.626083984375 0.3513063725490196 0.13671875 0.09477205882352942
positives\images\Egg-5-_jpg.rf.6e249799e3258d61b3b2425ac1be8eb0.txt 0 0.4947916666666667 0.29125735294117644 0.1171875 0.11683088235294119
positives\images\Egg-7-_jpg.rf.35fd79456542f50a72acb645bf738136.txt 0 0.4488970588235294 0.3235677083333333 0.06936274509803922 0.13346354166666666
positives\images\Egg-7-_jpg.rf.35fd79456542f50a72acb645bf738136.txt 0 0.4965686274509804 0.5538736979166666 0.09264705882352942 0.09798177083333333
positives\images\Egg-7-_jpg.rf.35fd79456542f50a72acb645bf738136.txt 0 0.5205882352941177 0.7877604166666666 0.09607843137254903 0.09765625
positives\images\Egg-7-_jpg.rf.35fd79456542f50a72acb645bf738136.txt 0 0.6780637254901961 0.5730794270833334 0.07279411764705883 0.12662760416666666
positives\images\Egg-7-_jpg.rf.35fd79456542f50a72acb645bf738136.txt 0 0.6870098039215686 0.4471028645833333 0.09803921568627451 0.0966796875
positives\images\Egg-9-_jpg.rf.77b64f5555f5b226fe37539403017bc1.txt 0 0.22321289062500002 0.518031862745098 0.18043294270833332 0.11379656862745098
positives\images\Egg-9-_jpg.rf.77b64f5555f5b226fe37539403017bc1.txt 0 0.584541015625 0.6832990196078431 0.145087890625 0.14950980392156862
positives\images\Egg-9-_jpg.rf.77b64f5555f5b226fe37539403017bc1.txt 0 0.6412760416666666 0.5595245098039217 0.145087890625 0.1400563725490196
positives\images\Egg-9-_jpg.rf.77b64f5555f5b226fe37539403017bc1.txt 0 0.6308138020833333 0.31232598039215687 0.166015625 0.10924264705882353
positives\images\Egg-9-_jpg.rf.77b64f5555f5b226fe37539403017bc1.txt 0 0.6998697916666666 0.3841029411764706 0.17763997395833334 0.10294117647058823
positives\images\